DSDV_12_1: 0.15548398970504212
DSDV_12_5: 0.18511631591512534
DSDV_12_10: 0.18973659414751048
DSDV_32_1: 0.05771878774292281
DSDV_32_5: 0.06866645507622089
DSDV_32_10: 0.07113183070945191
DSDV_52_1: 0.03936917950033102
DSDV_52_5: 0.04385688493433833
DSDV_52_10: 0.044523935925518225
DSR_12_1: 0.13123047484389033
DSR_12_5: 0.17918237155228017
DSR_12_10: 0.17881334878030947
DSR_32_1: 0.03380750581348828
DSR_32_5: 0.03267225601890099
DSR_32_10: 0.03405428159615585
DSR_52_1: 0.01417508430414811
DSR_52_5: 0.0175316561182663
DSR_52_10: 0.012390346906661326
